# Term ID	Term name	num of genes	num of total genes	P-value	P-value corrected
GO:0001596	angiotensin type I receptor activity	1	1	0.0002712600027127757	0.0005425200054255514
GO:0004945	angiotensin type II receptor activity	1	1	0.0002712600027127757	0.0005425200054255514
